 200
-0.00022356
-0.00022889
-0.00023557
-0.00024367
-0.00025327
-0.00026444
-0.00027725
-0.00029177
-0.00030807
-0.00032620
-0.00034624
-0.00036824
-0.00039225
-0.00041833
-0.00044652
-0.00047687
-0.00050942
-0.00054421
-0.00058127
-0.00062063
-0.00066232
-0.00070635
-0.00075275
-0.00080152
-0.00085268
-0.00090622
-0.00096215
-0.00102045
-0.00108112
-0.00114414
-0.00120950
-0.00127715
-0.00134708
-0.00141925
-0.00149362
-0.00157015
-0.00164878
-0.00172946
-0.00181213
-0.00189673
-0.00198319
-0.00207143
-0.00216139
-0.00225299
-0.00234612
-0.00244072
-0.00253667
-0.00263390
-0.00273230
-0.00283176
-0.00293217
-0.00303344
-0.00313544
-0.00323807
-0.00334119
-0.00344470
-0.00354847
-0.00365238
-0.00375630
-0.00386010
-0.00396366
-0.00406685
-0.00416953
-0.00427158
-0.00437286
-0.00447325
-0.00457260
-0.00467080
-0.00476771
-0.00486320
-0.00495714
-0.00504941
-0.00513988
-0.00522843
-0.00531494
-0.00539928
-0.00548135
-0.00556101
-0.00563818
-0.00571272
-0.00578455
-0.00585356
-0.00591965
-0.00598273
-0.00604271
-0.00609950
-0.00615302
-0.00620319
-0.00624994
-0.00629321
-0.00633293
-0.00636904
-0.00640149
-0.00643024
-0.00645524
-0.00647645
-0.00649385
-0.00650741
-0.00651711
-0.00652294
0.99369633
-0.00652294
-0.00651711
-0.00650741
-0.00649385
-0.00647645
-0.00645524
-0.00643024
-0.00640149
-0.00636904
-0.00633293
-0.00629321
-0.00624994
-0.00620319
-0.00615302
-0.00609950
-0.00604271
-0.00598273
-0.00591965
-0.00585356
-0.00578455
-0.00571272
-0.00563818
-0.00556101
-0.00548135
-0.00539928
-0.00531494
-0.00522843
-0.00513988
-0.00504941
-0.00495714
-0.00486320
-0.00476771
-0.00467080
-0.00457260
-0.00447325
-0.00437286
-0.00427158
-0.00416953
-0.00406685
-0.00396366
-0.00386010
-0.00375630
-0.00365238
-0.00354847
-0.00344470
-0.00334119
-0.00323807
-0.00313544
-0.00303344
-0.00293217
-0.00283176
-0.00273230
-0.00263390
-0.00253667
-0.00244072
-0.00234612
-0.00225299
-0.00216139
-0.00207143
-0.00198319
-0.00189673
-0.00181213
-0.00172946
-0.00164878
-0.00157015
-0.00149362
-0.00141925
-0.00134708
-0.00127715
-0.00120950
-0.00114414
-0.00108112
-0.00102045
-0.00096215
-0.00090622
-0.00085268
-0.00080152
-0.00075275
-0.00070635
-0.00066232
-0.00062063
-0.00058127
-0.00054421
-0.00050942
-0.00047687
-0.00044652
-0.00041833
-0.00039225
-0.00036824
-0.00034624
-0.00032620
-0.00030807
-0.00029177
-0.00027725
-0.00026444
-0.00025327
-0.00024367
-0.00023557
-0.00022889
-0.00022356
