1.0000
1.0033
1.0066
1.0099
1.0131
1.0163
1.0195
1.0227
1.0259
1.0290
1.0322
1.0353
1.0385
1.0416
1.0448
1.0479
1.0509
1.0539
1.0568
1.0596
1.0624
1.0652
1.0678
1.0704
1.0729
1.0752
1.0776
1.0798
1.0820
1.0842
1.0864
1.0885
1.0906
1.0926
1.0946
1.0966
1.0986
1.1006
1.1026
1.1044
1.1062
1.1082
1.1102
1.1121
1.1140
1.1159
1.1177
1.1196
1.1214
1.1231
1.1249
1.1266
1.1282
1.1299
1.1316
1.1332
1.1346
1.1361
1.1376
1.1390
1.1403
1.1418
1.1431
1.1445
1.1458
1.1471
1.1484
1.1497
1.1509
1.1522
1.1535
1.1549
1.1562
1.1575
1.1589
1.1602
1.1616
1.1630
1.1645
1.1659
1.1673
1.1688
1.1702
1.1716
1.1730
1.1745
1.1759
1.1774
1.1788
1.1803
1.1817
1.1832
1.1846
1.1859
1.1873
1.1885
1.1897
1.1909
1.1920
1.1928
1.1939
1.1948
1.1958
1.1968
1.1977
1.1986
1.1994
1.2003
1.2010
1.2018
1.2025
1.2033
1.2040
1.2047
1.2054
1.2061
1.2068
1.2075
1.2082
1.2089
1.2097
1.2104
1.2110
1.2116
1.2124
1.2131
1.2137
1.2144
1.2151
1.2159
1.2165
1.2172
1.2178
1.2185
1.2191
1.2198
1.2204
1.2210
1.2216
1.2222
1.2227
1.2232
1.2236
1.2239
1.2244
1.2248
1.2252
1.2255
1.2260
1.2263
1.2267
1.2271
1.2275
1.2279
1.2283
1.2287
1.2290
1.2293
1.2296
1.2299
1.2301
1.2303
1.2305
1.2306
1.2308
1.2308
1.2309
1.2308
1.2308
1.2308
1.2307
1.2305
1.2304
1.2302
1.2300
1.2298
1.2296
1.2294
1.2291
1.2289
1.2286
1.2284
1.2282
1.2281
1.2279
1.2278
1.2277
1.2277
1.2278
1.2277
1.2278
1.2279
1.2280
1.2280
1.2282
1.2282
1.2282
1.2281
1.2280
1.2280
1.2278
1.2277
1.2275
1.2272
1.2269
1.2265
1.2260
1.2254
1.2247
1.2238
1.2229
1.2218
1.2207
1.2192
1.2178
1.2161
1.2145
1.2128
1.2110
1.2091
1.2072
1.2052
1.2032
1.2013
1.1992
1.1973
1.1953
1.1935
1.1915
1.1896
1.1877
1.1859
1.1840
1.1821
1.1803
1.1783
1.1765
1.1745
1.1726
1.1706
1.1687
1.1667
1.1647
1.1627
1.1606
1.1586
1.1566
1.1547
1.1527
1.1508
1.1488
1.1469
1.1449
1.1429
1.1409
1.1389
1.1370
1.1349
1.1329
1.1307
1.1286
1.1265
1.1244
1.1223
1.1202
1.1181
1.1160
1.1139
1.1117
1.1096
1.1074
1.1053
1.1032
1.1011
1.0989
1.0968
1.0947
1.0927
1.0906
1.0885
1.0864
1.0842
1.0821
1.0800
1.0779
1.0757
1.0735
1.0714
1.0693
1.0671
1.0649
1.0628
1.0607
1.0586
1.0564
1.0543
1.0522
1.0500
1.0478
1.0457
1.0435
1.0413
1.0391
1.0369
1.0347
1.0324
1.0302
1.0279
1.0257
1.0235
1.0212
1.0189
1.0167
1.0144
1.0122
1.0099
1.0077
1.0054
1.0031
1.0007
0.9984
0.9960
0.9936
0.9912
0.9887
0.9861
0.9830
0.9803
0.9777
0.9750
0.9723
0.9696
0.9668
0.9641
0.9613
0.9585
0.9557
0.9530
0.9501
0.9473
0.9445
0.9417
0.9389
0.9361
0.9333
0.9305
0.9277
0.9248
0.9220
0.9191
0.9164
0.9135
0.9107
0.9078
0.9048
0.9019
0.8989
0.8959
0.8929
0.8899
0.8869
0.8838
0.8807
0.8776
0.8745
0.8714
0.8684
0.8653
0.8623
0.8591
0.8559
0.8528
0.8497
0.8465
0.8433
0.8401
0.8368
0.8336
0.8304
0.8271
0.8238
0.8206
0.8173
0.8140
0.8107
0.8074
0.8040
0.8007
0.7973
0.7940
0.7906
0.7871
0.7836
0.7801
0.7766
0.7730
0.7694
0.7658
0.7622
0.7586
0.7550
0.7513
0.7477
0.7441
0.7405
0.7369
0.7333
0.7297
0.7261
0.7225
0.7189
0.7154
0.7118
0.7082
0.7045
0.7009
0.6972
0.6936
0.6900
0.6863
0.6827
0.6792
0.6756
0.6720
0.6684
0.6649
0.6612
0.6576
0.6541
0.6504
0.6468
0.6431
0.6394
0.6357
0.6321
0.6284
0.6247
0.6210
0.6173
0.6136
0.6099
0.6061
0.6024
0.5986
0.5949
0.5911
0.5873
0.5834
0.5795
0.5757
0.5718
0.5680
0.5640
0.5601
0.5561
0.5522
0.5482
0.5442
0.5402
0.5363
0.5323
0.5284
0.5245
0.5207
0.5170
0.5133
0.5097
0.5060
0.5025
0.4991
0.4956
0.4922
0.4888
0.4855
0.4822
0.4789
0.4756
0.4724
0.4692
0.4660
0.4628
0.4597
0.4566
0.4534
0.4503
0.4472
0.4441
0.4410
0.4380
0.4349
0.4318
0.4288
0.4257
0.4227
0.4197
0.4167
0.4136
0.4106
0.4077
0.4047
0.4017
0.3987
0.3957
0.3927
0.3897
0.3866
0.3836
0.3806
0.3776
0.3744
0.3714
0.3683
0.3652
0.3621
0.3590
0.3559
0.3528
0.3497
0.3465
0.3435
0.3403
0.3372
0.3340
0.3308
0.3276
0.3243
0.3211
0.3178
0.3146
0.3113
0.3081
0.3049
0.3017
0.2985
0.2954
0.2923
0.2892
0.2862
0.2832
0.2803
0.2773
0.2745
0.2715
0.2688
0.2660
0.2633
0.2606
0.2579
0.2552
0.2525
0.2499
0.2473
0.2447
0.2421
0.2395
0.2369
0.2343
0.2316
0.2291
0.2265
0.2238
0.2213
0.2186
0.2161
0.2135
0.2110
0.2085
0.2060
0.2034
0.2009
0.1983
0.1957
0.1932
0.1906
0.1880
0.1854
0.1829
0.1802
0.1777
0.1752
0.1728
0.1703
0.1680
0.1656
0.1632
0.1609
0.1586
0.1563
0.1539
0.1517
0.1494
0.1472
0.1449
0.1427
0.1406
0.1383
0.1360
0.1339
0.1319
0.1296
0.1275
0.1254
0.1234
0.1214
0.1195
0.1176
0.1157
0.1141
0.1122
0.1106
0.1088
0.1071
0.1054
0.1039
0.1022
0.1006
0.0990
0.0974
0.0959
0.0943
0.0927
0.0910
0.0896
0.0880
0.0863
0.0846
0.0829
0.0811
0.0792
0.0773
0.0754
0.0734
0.0714
0.0694
0.0673
0.0654
0.0634
0.0614
0.0595
0.0576
0.0558
0.0540
0.0523
0.0506
0.0492
0.0476
0.0463
0.0451
0.0439
0.0429
0.0420
0.0414
0.0408
0.0407
0.0406
0.0408
0.0411
0.0417
0.0424
0.0431
0.0440
0.0449
0.0460
0.0470
0.0481
0.0490
0.0502
0.0513
0.0525
0.0537
0.0550
0.0562
0.0574
0.0586
0.0599
0.0612
0.0624
0.0638
0.0652
0.0666
0.0680
0.0695
0.0709
0.0724
0.0738
0.0752
0.0766
0.0779
0.0793
0.0805
0.0820
0.0833
0.0846
0.0860
0.0875
0.0890
0.0905
0.0922
0.0939
0.0957
0.0975
0.0994
0.1012
0.1032
0.1051
0.1073
0.1094
0.1117
0.1140
0.1162
0.1185
0.1209
0.1233
0.1257
0.1283
0.1308
0.1333
0.1359
0.1385
0.1412
0.1438
0.1465
0.1492
0.1521
0.1547
0.1576
0.1603
0.1631
0.1659
0.1686
0.1715
0.1743
0.1772
0.1800
0.1829
0.1857
0.1887
0.1916
0.1945
0.1974
0.2003
0.2034
0.2063
0.2092
0.2122
0.2153
0.2183
0.2215
0.2246
0.2277
0.2309
0.2341
0.2373
0.2405
0.2438
0.2470
0.2503
0.2535
0.2567
0.2600
0.2635
0.2669
0.2703
0.2738
0.2775
0.2813
0.2850
0.2889
0.2928
0.2968
0.3008
0.3050
0.3091
0.3133
0.3176
0.3218
0.3261
0.3304
0.3348
0.3391
0.3434
0.3477
0.3522
0.3565
0.3609
0.3653
0.3697
0.3742
0.3786
0.3830
0.3875
0.3919
0.3963
0.4008
0.4053
0.4100
0.4146
0.4191
0.4239
0.4285
0.4332
0.4380
0.4427
0.4475
0.4524
0.4571
0.4618
0.4666
0.4716
0.4765
0.4814
0.4863
0.4913
0.4963
0.5013
0.5064
0.5115
0.5168
0.5219
0.5273
0.5325
0.5379
0.5433
0.5488
0.5543
0.5598
0.5654
0.5710
0.5766
0.5822
0.5880
0.5937
0.5995
0.6053
0.6111
0.6170
0.6229
0.6288
0.6349
0.6409
0.6470
0.6533
0.6596
0.6659
0.6723
0.6788
0.6853
0.6918
0.6985
0.7051
0.7116
0.7182
0.7248
0.7313
0.7379
0.7446
0.7512
0.7579
0.7646
0.7712
0.7778
0.7845
0.7910
0.7976
0.8042
0.8109
0.8175
0.8240
0.8306
0.8371
0.8437
0.8502
0.8568
0.8635
0.8700
0.8768
0.8834
0.8901
0.8968
0.9035
0.9102
0.9170
0.9236
0.9304
0.9371
0.9438
0.9506
0.9573
0.9642
0.9711
0.9779
0.9847
0.9918
0.9988
1.0058
1.0128
1.0198
1.0269
1.0339
1.0410
1.0480
1.0551
1.0620
1.0690
1.0757
1.0824
1.0892
1.0958
1.1025
1.1090
1.1152
1.1217
1.1281
1.1342
1.1405
1.1466
1.1527
1.1587
1.1646
1.1705
1.1766
1.1825
1.1883
1.1942
1.2001
1.2059
1.2116
1.2172
1.2228
1.2286
1.2340
1.2394
1.2449
1.2503
1.2558
1.2611
1.2663
1.2717
1.2769
1.2820
1.2872
1.2922
1.2973
1.3025
1.3076
1.3126
1.3175
1.3227
1.3277
1.3325
1.3373
1.3421
1.3469
1.3518
1.3566
1.3615
1.3663
1.3711
1.3760
1.3808
1.3858
1.3907
1.3955
1.4004
1.4054
1.4102
1.4152
1.4201
1.4250
1.4298
1.4345
1.4394
1.4441
1.4489
1.4535
1.4581
1.4627
1.4672
1.4716
1.4760
1.4803
1.4845
1.4886
1.4926
1.4967
1.5007
1.5047
1.5085
1.5123
1.5160
1.5197
1.5234
1.5271
1.5309
1.5344
1.5380
1.5417
1.5453
1.5488
1.5525
1.5561
1.5598
1.5635
1.5670
1.5707
1.5742
1.5778
1.5814
1.5851
1.5887
1.5924
1.5962
1.5998
1.6034
1.6070
1.6107
1.6143
1.6180
1.6215
1.6252
1.6288
1.6324
1.6360
1.6395
1.6430
1.6463
1.6497
1.6529
1.6562
1.6594
1.6627
1.6658
1.6690
1.6722
1.6753
1.6784
1.6815
1.6846
1.6875
1.6906
1.6935
1.6965
1.6993
1.7022
1.7049
1.7076
1.7104
1.7129
1.7155
1.7180
1.7205
1.7227
1.7251
1.7273
1.7296
1.7317
1.7338
1.7359
1.7380
1.7401
1.7421
1.7442
1.7462
1.7483
1.7502
1.7523
1.7544
1.7567
1.7587
1.7610
1.7633
1.7657
1.7682
1.7705
1.7730
1.7752
1.7776
1.7797
1.7820
1.7841
1.7862
1.7883
1.7902
1.7922
1.7940
1.7959
1.7974
1.7990
1.8002
1.8015
1.8026
1.8033
1.8040
1.8042
1.8042
1.8039
1.8036
1.8029
1.8021
1.8011
1.7999
1.7987
1.7973
1.7958
1.7943
1.7927
1.7910
1.7895
1.7879
1.7862
1.7845
1.7829
1.7812
1.7795
1.7779
1.7762
1.7746
1.7729
1.7712
1.7694
1.7678
1.7660
1.7643
1.7624
1.7605
1.7587
1.7567
1.7548
1.7527
1.7507
1.7485
1.7464
1.7442
1.7421
1.7399
1.7377
1.7355
1.7332
1.7310
1.7286
1.7261
1.7235
1.7210
1.7184
1.7158
1.7130
1.7104
1.7077
1.7050
1.7022
1.6993
1.6965
1.6935
1.6906
1.6876
1.6846
1.6816
1.6785
1.6755
1.6726
1.6695
1.6664
1.6633
1.6602
1.6571
1.6539
1.6508
1.6475
1.6443
1.6409
1.6377
1.6344
1.6311
1.6277
1.6244
1.6212
1.6177
1.6144
1.6111
1.6079
1.6045
1.6011
1.5978
1.5943
1.5909
1.5875
1.5841
1.5806
1.5772
1.5737
1.5702
1.5667
1.5631
1.5595
1.5559
1.5524
1.5487
1.5451
1.5414
1.5377
1.5339
1.5301
1.5262
1.5223
1.5184
1.5144
1.5104
1.5064
1.5024
1.4983
1.4942
1.4898
1.4855
1.4812
1.4770
1.4726
1.4682
1.4639
1.4594
1.4550
1.4505
1.4461
1.4416
1.4371
1.4326
1.4280
1.4234
1.4188
1.4142
1.4096
1.4049
1.4003
1.3956
1.3910
1.3862
1.3814
1.3766
1.3718
1.3670
1.3622
1.3574
1.3525
1.3477
1.3429
1.3380
1.3333
1.3285
1.3236
1.3188
1.3140
1.3091
1.3042
1.2991
1.2941
1.2891
1.2841
1.2790
1.2738
1.2687
1.2635
1.2582
1.2529
1.2476
1.2423
1.2369
1.2315
1.2260
1.2206
1.2150
1.2095
1.2039
1.1982
1.1926
1.1868
1.1811
1.1753
1.1695
1.1638
1.1580
1.1522
1.1464
1.1405
1.1348
1.1289
1.1231
1.1173
1.1115
1.1057
1.0999
1.0941
1.0882
1.0824
1.0765
1.0705
1.0646
1.0588
1.0529
1.0469
1.0409
1.0350
1.0291
1.0231
1.0172
1.0113
1.0054
0.9995
0.9937
0.9878
0.9820
0.9761
0.9703
0.9645
0.9586
0.9527
0.9467
0.9410
0.9351
0.9292
0.9233
0.9174
0.9115
0.9055
0.8996
0.8938
0.8878
0.8819
0.8760
0.8700
0.8640
0.8580
0.8520
0.8459
0.8397
0.8336
0.8274
0.8211
0.8148
0.8086
0.8024
0.7961
0.7899
0.7836
0.7774
0.7711
0.7648
0.7586
0.7525
0.7463
0.7404
0.7345
0.7286
0.7229
0.7172
0.7115
0.7059
0.7003
0.6948
0.6893
0.6838
0.6785
0.6732
0.6680
0.6628
0.6577
0.6526
0.6474
0.6424
0.6373
0.6323
0.6273
0.6224
0.6174
0.6125
0.6075
0.6026
0.5977
0.5928
0.5880
0.5831
0.5783
0.5735
0.5685
0.5637
0.5590
0.5543
0.5496
0.5450
0.5405
0.5359
0.5313
0.5267
0.5221
0.5177
0.5131
0.5086
0.5042
0.4998
0.4953
0.4908
0.4864
0.4819
0.4776
0.4731
0.4688
0.4645
0.4601
0.4558
0.4514
0.4469
0.4424
0.4380
0.4335
0.4291
0.4247
0.4203
0.4159
0.4117
0.4074
0.4031
0.3988
0.3947
0.3906
0.3865
0.3825
0.3785
0.3747
0.3708
0.3671
0.3634
0.3597
0.3559
0.3523
0.3486
0.3449
0.3414
0.3376
0.3340
0.3304
0.3268
0.3232
0.3196
0.3159
0.3121
0.3084
0.3046
0.3008
0.2969
0.2931
0.2892
0.2854
0.2815
0.2776
0.2737
0.2698
0.2659
0.2621
0.2582
0.2543
0.2506
0.2467
0.2431
0.2394
0.2357
0.2321
0.2286
0.2252
0.2216
0.2182
0.2147
0.2113
0.2079
0.2047
0.2013
0.1982
0.1950
0.1918
0.1887
0.1856
0.1825
0.1793
0.1762
0.1730
0.1698
0.1667
0.1636
0.1604
0.1573
0.1543
0.1512
0.1483
0.1453
0.1424
0.1394
0.1367
0.1338
0.1311
0.1284
0.1257
0.1230
0.1203
0.1178
0.1152
0.1127
0.1100
0.1078
0.1051
0.1026
0.1001
0.0976
0.0950
0.0925
0.0900
0.0875
0.0851
0.0826
0.0804
0.0780
0.0758
0.0734
0.0713
0.0692
0.0671
0.0650
0.0630
0.0612
0.0592
0.0575
0.0558
0.0542
0.0526
0.0513
0.0500
0.0489
0.0480
0.0473
0.0470
0.0468
0.0470
0.0473
0.0480
0.0486
0.0494
0.0502
0.0512
0.0523
0.0534
0.0547
0.0559
0.0572
0.0585
0.0597
0.0610
0.0623
0.0636
0.0650
0.0663
0.0676
0.0690
0.0704
0.0718
0.0733
0.0749
0.0764
0.0780
0.0793
0.0809
0.0822
0.0834
0.0847
0.0859
0.0871
0.0882
0.0896
0.0908
0.0922
0.0936
0.0950
0.0966
0.0982
0.0999
0.1018
0.1037
0.1055
0.1076
0.1095
0.1116
0.1139
0.1161
0.1184
0.1209
0.1233
0.1257
0.1282
0.1307
0.1332
0.1358
0.1384
0.1409
0.1435
0.1460
0.1485
0.1511
0.1535
0.1561
0.1586
0.1613
0.1638
0.1665
0.1690
0.1716
0.1741
0.1767
0.1793
0.1818
0.1842
0.1867
0.1892
0.1917
0.1943
0.1968
0.1995
0.2020
0.2047
0.2074
0.2101
0.2129
0.2156
0.2184
0.2211
0.2239
0.2266
0.2294
0.2321
0.2349
0.2377
0.2405
0.2434
0.2463
0.2491
0.2520
0.2551
0.2581
0.2612
0.2643
0.2675
0.2708
0.2742
0.2776
0.2810
0.2846
0.2882
0.2919
0.2957
0.2996
0.3034
0.3074
0.3114
0.3154
0.3194
0.3234
0.3273
0.3312
0.3352
0.3391
0.3431
0.3469
0.3509
0.3548
0.3588
0.3627
0.3668
0.3708
0.3748
0.3788
0.3828
0.3868
0.3910
0.3953
0.3995
0.4039
0.4084
0.4128
0.4173
0.4218
0.4263
0.4308
0.4353
0.4399
0.4444
0.4489
0.4536
0.4582
0.4629
0.4677
0.4724
0.4773
0.4822
0.4871
0.4921
0.4971
0.5020
0.5070
0.5120
0.5171
0.5222
0.5274
0.5326
0.5378
0.5432
0.5485
0.5540
0.5596
0.5653
0.5710
0.5768
0.5827
0.5887
0.5947
0.6008
0.6069
0.6131
0.6195
0.6259
0.6324
0.6391
0.6460
0.6528
0.6598
0.6667
0.6737
0.6808
0.6878
0.6948
0.7018
0.7090
0.7162
0.7233
0.7306
0.7378
0.7448
0.7519
0.7590
0.7660
0.7731
0.7802
0.7872
0.7941
0.8011
0.8079
0.8147
0.8215
0.8283
0.8350
0.8416
0.8482
0.8548
0.8614
0.8679
0.8744
0.8810
0.8876
0.8942
0.9008
0.9073
0.9140
0.9206
0.9273
0.9340
0.9408
0.9477
0.9547
0.9616
0.9685
0.9756
0.9826
0.9896
0.9967
1.0037
1.0107
1.0178
1.0248
1.0318
1.0388
1.0458
1.0527
1.0596
1.0663
1.0729
1.0795
1.0861
1.0926
1.0989
1.1053
1.1114
1.1176
1.1237
1.1297
1.1355
1.1412
1.1470
1.1526
1.1583
1.1639
1.1695
1.1751
1.1808
1.1863
1.1919
1.1973
1.2028
1.2083
1.2138
1.2192
1.2247
1.2300
1.2353
1.2406
1.2458
1.2510
1.2554
1.2599
1.2635
1.2687
1.2731
1.2776
1.2820
1.2865
1.2910
1.2954
1.2998
1.3042
1.3087
1.3132
1.3176
1.3222
1.3266
1.3311
1.3355
1.3400
1.3442
1.3486
1.3531
1.3576
1.3620
1.3665
1.3710
1.3755
1.3798
1.3843
1.3889
1.3935
1.3981
1.4027
1.4073
1.4118
1.4163
1.4207
1.4253
1.4296
1.4340
1.4382
1.4425
1.4467
1.4508
1.4548
1.4587
1.4627
1.4664
1.4702
1.4739
1.4776
1.4812
1.4848
1.4883
1.4918
1.4954
1.4987
1.5022
1.5056
1.5090
1.5123
1.5157
1.5191
1.5226
1.5261
1.5296
1.5332
1.5367
1.5404
1.5440
1.5479
1.5516
1.5553
1.5591
1.5629
1.5667
1.5705
1.5744
1.5781
1.5817
1.5853
1.5891
1.5926
1.5961
1.5995
1.6028
1.6060
1.6091
1.6121
1.6150
1.6180
1.6206
1.6235
1.6262
1.6289
1.6315
1.6341
1.6366
1.6392
1.6418
1.6442
1.6467
1.6491
1.6515
1.6538
1.6562
1.6584
1.6608
1.6630
1.6651
1.6675
1.6696
1.6716
1.6736
1.6757
1.6775
1.6794
1.6811
1.6829
1.6845
1.6862
1.6878
1.6893
1.6909
1.6923
1.6938
1.6951
1.6966
1.6980
1.6995
1.7009
1.7026
1.7042
1.7057
1.7073
1.7088
1.7106
1.7121
1.7137
1.7151
1.7166
1.7180
1.7195
1.7208
1.7220
1.7233
1.7243
1.7255
1.7263
1.7272
1.7278
1.7284
1.7287
1.7289
1.7290
1.7288
1.7284
1.7276
1.7268
1.7256
1.7245
1.7232
1.7218
1.7202
1.7186
1.7168
1.7149
1.7130
1.7109
1.7090
1.7069
1.7049
1.7027
1.7008
1.6987
1.6967
1.6946
1.6927
1.6906
1.6886
1.6867
1.6847
1.6829
1.6809
1.6792
1.6773
1.6757
1.6739
1.6721
1.6704
1.6686
1.6669
1.6651
1.6633
1.6613
1.6596
1.6575
1.6555
1.6534
1.6512
1.6490
1.6467
1.6444
1.6419
1.6395
1.6369
1.6345
1.6318
1.6292
1.6264
1.6236
1.6207
1.6177
1.6148
1.6117
1.6087
1.6056
1.6025
1.5994
1.5963
1.5931
1.5901
1.5869
1.5837
1.5806
1.5774
1.5743
0.0000
